xvta

χαλαῖς 111. 172. partimi& 1011. Aut. 221. «insuper 10001111110111. 112.
00001. 507.. 100 11 0100101101 hia 11110 discrepantibua 110111 Sept. 600.
iiam. 803. 0320 in anapaestis 11 legitimum Snppi. 2.16. 010. &pulpam
1101. Phaon. 1580. Med. 175. 71000. 008. 01011100 nen. 121. 1011. Ani.
1105. 1011. 1002. 1101111001 111. 880. 10100111. 171. 0011110111 11100120.
{patipati ipit. 101. 512. 100001110011, quod in anapaestis 100010
incedentibus ex 000 000100 maia retinuit Matthiae. 10100 Med. 100
(aa. ipa). 11101010180001. 1018. 1101001110 111. 206. 10100011211.
’τακόμεναι Aetoli. 11001. 352. zarin 101010 1111011001100 110021211100. ⁷
02. 68.. aad 1110101000 ex tribua soiia 0001011101 1101111. 000010100111..
11111 lv. 0000. 101011. Aul. 1100110001111100. 122. narnia 1010101. 1189.
11010. 230.. ita 01110 a Seidlaro editam in anapaaatia lyricis contra
aadd. 1110011101. lon. 1075. narnia 1010118. 1131010). 0110011000
1001010301. Mirum 011γᾶ1 1011111 10 0000101001 00111110 0100111011.
Taua. 100 (11110..111.) 0111010. 1. 087.. ubi 01011000 0000. 11110. inepta ,

nita<- 1100011111011.Ρ1001.101..100 01007132 ’.1001010100111110
ripides 000 111... 111. 1110.. uin ...1000 singularam appiana.
’.1001011 Alc. 160. 1101001. 350. ion. 183. Ἀθάνας 101011. Pera. 0361·
1100101278.. θΑλως 1. 111100 1110001. 1200. 1011. Taua. 187 (010110).

1100. 631. 11101011.Μο 200. 011100101011601 1101. 182. Herc. f. 010.
einp Aia. 107.. nbi 1101 0000. 1071000. 1001. Malaia 0100111001110111
ἡλίου 1101111100001111 1011. 122.. 1110111100, qaod 01101 &aileu-propter
110110011011010000001. atton corrigendum suin 1100110101οω omnino Α
1100011010. 011100 ,1010101111111886 0100011101.110.151. 0101011011.
1101. 1100 10001010111010 indito, scribitur Sept. 811.. 100 0110110
Enni. 360. 0111101011ωο11.00. 01110 liar. Alc. 102. Androna. 111. ’
1011. Taua. 1077. ἀλιβάτου 81100170. 1101001171. q. 11000117 1011. Ani.
186. 1000117 ’11000210 (010111). 1000 1011. Taua. 220. 1111001101
’11001ωο 1111000 01000187.. in anapaestis 00111011 plenia. 0110101
71000. 1087. 0170110 111001. 7101101. 1307. ion. 1080. tiana 1101.
1100.. aad 01001 Aeacii. Sept· 027. 011000100171 800100. 0011101.
100100. Aeacii. 80001. 006. Λᾶ1001101.1011 010021.. in 1000001111
⁴ lyricis, 0000011οψ01 11010. 1. 372. Ab inetiunento primae daciinatio⁴
nia 0· 010 η santam 10111111 Eur· Hei. 1003.. 01111001 Sopii. 111. liat.
1101111111 ont. cot. 156. 'netarium Ant. 1¹23. 11100111 Eun 0001. 110.
0100111110 Aeacii. Pera. 101.. aad 1110100100 01100011. 381. Connnissnraa Α
vocabulorum 000100111οω010001101 11010001 1. 10180011.. 0000011001
Aeacii. Agam- 207.. in quibua 01 producitur. 10011000 1001110001. 1010. ,
1010010000 101111. 62 110.). 0010011001 11001011. 11111. 1210. 0111010011
Lax. 0011011. 11 “

 

